3.363 22.18 146 15
3.363 22.0 146 0
3.41 22.18 147 10
3.363 22.0 147 15
3.363 22.0 146 10
3.41 21.82 147 0
3.363 22.0 147 -10
3.363 22.18 148 5
3.363 24.0 148 0
3.363 22.0 146 5
3.363 21.82 148 0
3.363 22.0 147 10
3.363 22.0 147 0
3.363 22.0 147 0
3.363 20.55 148 0
3.363 22.18 148 0
3.363 22.0 148 10
3.363 22.18 148 10
3.363 22.18 148 10
3.363 22.0 148 15
3.363 22.0 147 10
3.363 22.0 149 0
3.363 22.18 148 10
3.41 22.0 146 -5
3.363 22.0 148 0
3.363 22.0 147 15
3.41 22.0 147 0
3.363 22.18 146 10
3.363 22.0 148 5
3.363 22.0 148 10
3.363 22.0 147 10
3.363 22.0 147 0
3.363 22.0 146 5
3.363 22.18 147 15
3.363 22.0 146 0
3.363 22.0 147 10
3.363 22.0 147 0
3.363 22.0 147 0
3.363 22.0 146 10
3.363 22.18 146 0
3.363 21.27 146 0
3.363 22.0 148 10
3.363 22.18 148 10
3.363 20.55 146 10
3.363 22.0 148 10
3.363 22.18 147 0
3.363 22.18 148 0
3.363 22.18 147 15
3.363 22.0 146 10
3.363 22.0 146 0
3.32 22.0 146 0
3.363 22.0 146 10
3.363 21.82 147 10
3.41 22.0 147 10
3.363 22.0 148 15
3.363 22.0 149 15
3.363 22.0 148 0
3.363 22.0 149 15
3.363 22.18 148 5
3.363 20.0 148 0
3.363 20.18 148 10
3.363 22.18 148 0
3.363 22.0 148 -5
3.363 22.0 148 10
3.363 22.0 148 10
3.363 22.0 146 15
3.363 22.18 147 15
3.363 22.0 147 10
3.363 22.0 147 0
3.363 22.0 148 0
3.363 22.18 148 0
3.363 22.0 148 10
3.363 22.0 149 0
3.363 22.18 147 15
3.363 22.0 148 0
3.363 22.0 147 15
3.363 22.0 147 5
3.363 22.0 147 10
3.363 22.0 148 10
3.41 20.36 147 10
3.363 22.18 146 10
3.363 22.0 147 15
3.363 21.82 147 5
3.363 22.0 147 10
3.363 22.0 147 10
3.363 22.0 148 0
3.363 21.82 148 10
3.363 22.0 148 0
3.363 22.0 147 5
3.363 22.0 148 0
3.363 22.0 147 5
3.363 22.0 147 10
3.363 22.18 147 0
3.363 22.0 146 10
3.363 22.0 146 0
3.363 22.0 147 0
3.363 22.0 148 0
3.363 20.36 148 0
3.363 22.36 148 0
3.363 22.0 148 10
3.363 22.0 148 -5
3.363 22.0 148 0
3.363 22.0 148 5
3.363 22.18 148 0
3.363 24.0 147 5
3.363 22.0 148 0
3.363 22.0 148 10
3.363 22.0 147 0
3.363 21.82 148 0
3.363 22.0 149 10
3.363 22.0 148 0
3.363 22.18 148 0
3.363 22.0 148 0
3.363 22.18 149 10
3.363 21.82 148 0
3.363 22.0 148 5
3.363 22.0 147 10
3.363 22.0 148 0
3.363 22.0 147 15
3.363 22.0 149 0
3.363 22.0 149 0
3.363 22.0 147 10
3.363 24.18 148 0
3.363 22.0 147 0
3.363 22.0 148 10
3.363 22.18 148 0
3.363 22.0 146 5
3.363 20.18 147 15
3.363 22.0 147 10
3.363 22.18 147 5
3.363 22.0 147 0
3.363 22.0 146 0
3.363 22.0 147 0
3.363 20.18 147 0
3.363 22.0 147 10
3.41 22.0 146 5
3.363 22.0 146 0
3.363 22.0 146 5
3.363 22.0 146 15
3.363 20.55 147 15
3.363 22.0 148 0
3.363 22.18 147 0
3.41 22.0 146 0
3.363 22.0 145 10
3.363 22.0 146 0
3.363 22.0 147 10
3.363 22.0 148 10
3.363 22.0 147 0
3.363 22.0 147 0
3.363 22.0 148 0
3.363 22.0 148 10
3.363 21.82 147 0
3.363 22.0 146 10
3.41 20.36 146 0
3.363 22.0 147 0
3.363 21.64 147 0
3.363 22.0 148 -10
3.363 21.82 148 10
3.363 21.82 148 0
3.363 22.0 148 0
3.363 21.82 148 0
3.363 21.82 148 5
3.363 22.0 147 0
3.363 22.18 147 10
3.363 22.0 148 0
3.363 22.0 148 15
3.363 22.0 149 0
3.363 21.82 150 10
3.363 22.0 148 0
3.363 21.45 148 0
3.363 22.0 148 0
3.363 21.82 148 0
3.363 21.82 148 0
3.363 22.0 144 0
3.363 22.0 147 10
3.363 22.18 148 10
3.363 21.82 147 0
3.363 22.18 148 0
3.363 22.0 147 10
3.363 20.36 147 15
3.363 22.18 148 0
3.363 22.0 147 0
3.363 22.0 148 0
3.363 22.18 148 5
3.363 22.0 146 10
3.363 22.0 147 0
3.363 22.0 148 10
3.363 22.0 147 0
3.363 21.82 148 5
3.363 22.0 147 5
3.363 22.0 148 10
3.363 22.18 146 5
3.363 22.18 147 10
3.363 22.0 147 0
3.363 22.0 148 10
3.32 22.0 148 0
3.363 22.0 148 0
3.363 22.0 148 15
3.363 22.0 147 0
3.363 21.64 149 15
3.363 22.18 147 0
3.363 22.0 146 15
3.363 21.82 147 10
3.363 21.82 147 10
3.363 22.0 147 5
3.363 22.0 148 0
3.363 22.0 147 10
3.363 22.0 147 0
3.363 22.18 147 15
3.363 22.0 146 0
3.363 22.0 145 10
3.363 22.0 146 0
3.363 22.0 148 10
3.363 22.0 147 0
3.363 22.0 147 0
3.363 22.0 148 0
3.363 22.0 149 0
3.363 22.0 146 5
3.363 22.0 147 10
3.363 24.0 147 15
3.363 22.18 148 5
3.41 22.0 148 0
3.363 22.0 148 5
3.363 22.0 147 10
3.363 22.18 147 5
3.363 22.0 147 5
3.363 24.0 146 10
3.363 22.0 146 0
3.41 22.0 148 10
3.363 22.0 148 10
3.363 22.0 147 0
3.363 20.36 147 0
3.363 22.0 148 10
3.363 22.0 148 0
3.363 22.0 148 0
3.363 22.0 148 10
3.363 22.0 147 5
3.363 21.64 147 0
3.363 21.82 147 10
3.363 22.0 148 15
3.363 22.0 146 10
3.363 21.82 146 10
3.363 22.0 146 10
3.363 22.0 147 10
3.363 21.82 147 5
3.363 22.0 147 15
3.363 22.0 148 10
3.363 21.82 148 0
3.363 22.0 146 5
3.363 22.0 147 0
3.363 22.0 147 0
3.363 22.0 146 0
3.363 22.0 147 10
3.363 22.0 148 15
3.363 22.0 148 0
3.363 22.0 147 10
3.363 21.82 148 0
3.363 22.0 148 15
3.363 22.0 148 0
3.363 22.0 148 0
3.363 22.0 148 0
3.363 22.0 148 15
3.363 22.0 147 5
3.363 22.0 147 10
3.363 22.0 146 10
3.41 22.0 148 0
3.363 22.0 148 10
3.363 22.18 147 10
3.363 20.36 146 0
3.363 22.0 145 15
3.363 21.82 146 15
3.363 22.0 147 5
3.363 21.82 147 10
3.363 22.18 147 15
3.41 22.0 147 10
3.363 22.0 147 0
3.363 23.82 147 10
3.363 21.82 149 10
3.363 22.0 148 10
3.363 22.0 148 15
3.363 23.82 148 5
3.41 22.0 147 10
3.363 21.82 146 5
3.363 22.0 147 15
3.363 22.0 147 0
3.363 22.0 147 5
3.363 21.82 147 0
3.363 22.0 147 10